   0.0000000000   0.
   0.0156239583   0.3124791667
   0.0312479167   0.6249583333
   0.0468718750   0.9374375
   0.0624958333   1.2499166667
   0.0781197917   1.5623958333
   0.0937437500   1.874875
   0.1093677083   2.1873541667
   0.1249916667   2.4998333333
   0.1406156250   2.8123125
   0.1562395833   3.1247916667
   0.1718635417   3.4372708333
   0.1874875000   3.74975
   0.2031114583   4.0622291667
   0.2187354167   4.3747083333
   0.2343593750   4.6871875
   0.2499833333   4.9996666667
   0.2656072917   5.3121458333
   0.2812312500   5.624625
   0.2968552083   5.9371041667
   0.3124791667   6.2495833333
   0.3281031250   6.5620625
   0.3437270833   6.8745416667
   0.3593510417   7.1870208333
   0.3749750000   7.4995
   0.3905989583   7.8119791667
   0.4062229167   8.1244583333
   0.4218468750   8.4369375
   0.4374708333   8.7494166667
   0.4530947917   9.0618958333
   0.4687187500   9.374375
   0.4843427083   9.6868541667
   0.4999666667   9.9993333333
   0.5155927083   10.311854167
   0.5312187500   10.624375
   0.5468447917   10.936895833
   0.5624708333   11.249416667
   0.5780968750   11.5619375
   0.5937229167   11.874458333
   0.6093489583   12.186979167
   0.6249750000   12.4995
   0.6406010417   12.812020833
   0.6562270833   13.124541667
   0.6718531250   13.4370625
   0.6874791667   13.749583333
   0.7031052083   14.062104167
   0.7187312500   14.374625
   0.7343572917   14.687145833
   0.7499833333   14.999666667
   0.7656093750   15.3121875
   0.7812354167   15.624708333
   0.7968614583   15.937229167
   0.8124875000   16.24975
   0.8281135417   16.562270833
   0.8437395833   16.874791667
   0.8593656250   17.1873125
   0.8749916667   17.499833333
   0.8906177083   17.812354167
   0.9062437500   18.124875
   0.9218697917   18.437395833
   0.9374958333   18.749916667
   0.9531218750   19.0624375
   0.9687479167   19.374958333
   0.9843739583   19.687479167
   1.0000000000   20.
   1.0000000000   20.
   1.0156239583   20.031247917
   1.0312479167   20.062495833
   1.0468718750   20.09374375
   1.0624958333   20.124991667
   1.0781197917   20.156239583
   1.0937437500   20.1874875
   1.1093677083   20.218735417
   1.1249916667   20.249983333
   1.1406156250   20.28123125
   1.1562395833   20.312479167
   1.1718635417   20.343727083
   1.1874875000   20.374975
   1.2031114583   20.406222917
   1.2187354167   20.437470833
   1.2343593750   20.46871875
   1.2499833333   20.499966667
   1.2656072917   20.531214583
   1.2812312500   20.5624625
   1.2968552083   20.593710417
   1.3124791667   20.624958333
   1.3281031250   20.65620625
   1.3437270833   20.687454167
   1.3593510417   20.718702083
   1.3749750000   20.74995
   1.3905989583   20.781197917
   1.4062229167   20.812445833
   1.4218468750   20.84369375
   1.4374708333   20.874941667
   1.4530947917   20.906189583
   1.4687187500   20.9374375
   1.4843427083   20.968685417
   1.4999666667   20.999933333
   1.5155906250   21.03118125
   1.5312145833   21.062429167
   1.5468385417   21.093677083
   1.5624625000   21.124925
   1.5780864583   21.156172917
   1.5937104167   21.187420833
   1.6093343750   21.21866875
   1.6249583333   21.249916667
   1.6405822917   21.281164583
   1.6562062500   21.3124125
   1.6718302083   21.343660417
   1.6874541667   21.374908333
   1.7030781250   21.40615625
   1.7187020833   21.437404167
   1.7343260417   21.468652083
   1.7499500000   21.4999
   1.7655739583   21.531147917
   1.7811979167   21.562395833
   1.7968218750   21.59364375
   1.8124458333   21.624891667
   1.8280697917   21.656139583
   1.8436937500   21.6873875
   1.8593177083   21.718635417
   1.8749416667   21.749883333
   1.8905656250   21.78113125
   1.9061895833   21.812379167
   1.9218135417   21.843627083
   1.9374375000   21.874875
   1.9530614583   21.906122917
   1.9686854167   21.937370833
   1.9843093750   21.96861875
   1.9999333333   21.999866667
   2.0155572917   22.031114583
   2.0311812500   22.0623625
   2.0468052083   22.093610417
   2.0624291667   22.124858333
   2.0780531250   22.15610625
   2.0936770833   22.187354167
   2.1093010417   22.218602083
   2.1249250000   22.24985
   2.1405489583   22.281097917
   2.1561729167   22.312345833
   2.1717968750   22.34359375
   2.1874208333   22.374841667
   2.2030447917   22.406089583
   2.2186687500   22.4373375
   2.2342927083   22.468585417
   2.2499166667   22.499833333
   2.2655406250   22.53108125
   2.2811645833   22.562329167
   2.2967885417   22.593577083
   2.3124125000   22.624825
   2.3280364583   22.656072917
   2.3436604167   22.687320833
   2.3592843750   22.71856875
   2.3749083333   22.749816667
   2.3905322917   22.781064583
   2.4061562500   22.8123125
   2.4217802083   22.843560417
   2.4374041667   22.874808333
   2.4530281250   22.90605625
   2.4686520833   22.937304167
   2.4842760417   22.968552083
   2.4999000000   22.9998
   2.5155239583   23.031047917
   2.5311479167   23.062295833
   2.5467718750   23.09354375
   2.5623958333   23.124791667
   2.5780197917   23.156039583
   2.5936437500   23.1872875
   2.6092677083   23.218535417
   2.6248916667   23.249783333
   2.6405156250   23.28103125
   2.6561395833   23.312279167
   2.6717635417   23.343527083
   2.6873875000   23.374775
   2.7030114583   23.406022917
   2.7186354167   23.437270833
   2.7342593750   23.46851875
   2.7498833333   23.499766667
   2.7655072917   23.531014583
   2.7811312500   23.5622625
   2.7967552083   23.593510417
   2.8123791667   23.624758333
   2.8280031250   23.65600625
   2.8436270833   23.687254167
   2.8592510417   23.718502083
   2.8748750000   23.74975
   2.8904989583   23.780997917
   2.9061229167   23.812245833
   2.9217468750   23.84349375
   2.9373708333   23.874741667
   2.9529947917   23.905989583
   2.9686187500   23.9372375
   2.9842427083   23.968485417
   2.9998666667   23.999733333
   3.0154906250   24.03098125
   3.0311145833   24.062229167
   3.0467385417   24.093477083
   3.0623625000   24.124725
   3.0779864583   24.155972917
   3.0936104167   24.187220833
   3.1092343750   24.21846875
   3.1248583333   24.249716667
   3.1404822917   24.280964583
   3.1561062500   24.3122125
   3.1717302083   24.343460417
   3.1873541667   24.374708333
   3.2029781250   24.40595625
   3.2186020833   24.437204167
   3.2342260417   24.468452083
   3.2498500000   24.4997
   3.2654739583   24.530947917
   3.2810979167   24.562195833
   3.2967218750   24.59344375
   3.3123458333   24.624691667
   3.3279697917   24.655939583
   3.3435937500   24.6871875
   3.3592177083   24.718435417
   3.3748416667   24.749683333
   3.3904656250   24.78093125
   3.4060895833   24.812179167
   3.4217135417   24.843427083
   3.4373375000   24.874675
   3.4529614583   24.905922917
   3.4685854167   24.937170833
   3.4842093750   24.96841875
   3.4998333333   24.999666667
   3.5154572917   25.030914583
   3.5310812500   25.0621625
   3.5467052083   25.093410417
   3.5623291667   25.124658333
   3.5779531250   25.15590625
   3.5935770833   25.187154167
   3.6092010417   25.218402083
   3.6248250000   25.24965
   3.6404489583   25.280897917
   3.6560729167   25.312145833
   3.6716968750   25.34339375
   3.6873208333   25.374641667
   3.7029447917   25.405889583
   3.7185687500   25.4371375
   3.7341927083   25.468385417
   3.7498166667   25.499633333
   3.7654406250   25.53088125
   3.7810645833   25.562129167
   3.7966885417   25.593377083
   3.8123125000   25.624625
   3.8279364583   25.655872917
   3.8435604167   25.687120833
   3.8591843750   25.71836875
   3.8748083333   25.749616667
   3.8904322917   25.780864583
   3.9060562500   25.8121125
   3.9216802083   25.843360417
   3.9373041667   25.874608333
   3.9529281250   25.90585625
   3.9685520833   25.937104167
   3.9841760417   25.968352083
   3.9998000000   25.9996
   4.0154239583   26.030847917
   4.0310479167   26.062095833
   4.0466718750   26.09334375
   4.0622958333   26.124591667
   4.0779197917   26.155839583
   4.0935437500   26.1870875
   4.1091677083   26.218335417
   4.1247916667   26.249583333
   4.1404156250   26.28083125
   4.1560395833   26.312079167
   4.1716635417   26.343327083
   4.1872875000   26.374575
   4.2029114583   26.405822917
   4.2185354167   26.437070833
   4.2341593750   26.46831875
   4.2497833333   26.499566667
   4.2654072917   26.530814583
   4.2810312500   26.5620625
   4.2966552083   26.593310417
   4.3122791667   26.624558333
   4.3279031250   26.65580625
   4.3435270833   26.687054167
   4.3591510417   26.718302083
   4.3747750000   26.74955
   4.3903989583   26.780797917
   4.4060229167   26.812045833
   4.4216468750   26.84329375
   4.4372708333   26.874541667
   4.4528947917   26.905789583
   4.4685187500   26.9370375
   4.4841427083   26.968285417
   4.4997666667   26.999533333
   4.5153989583   27.030797917
   4.5310312500   27.0620625
   4.5466635417   27.093327083
   4.5622958333   27.124591667
   4.5779281250   27.15585625
   4.5935604167   27.187120833
   4.6091927083   27.218385417
   4.6248250000   27.24965
   4.6404572917   27.280914583
   4.6560895833   27.312179167
   4.6717218750   27.34344375
   4.6873541667   27.374708333
   4.7029864583   27.405972917
   4.7186187500   27.4372375
   4.7342510417   27.468502083
   4.7498833333   27.499766667
   4.7655156250   27.53103125
   4.7811479167   27.562295833
   4.7967802083   27.593560417
   4.8124125000   27.624825
   4.8280447917   27.656089583
   4.8436770833   27.687354167
   4.8593093750   27.71861875
   4.8749416667   27.749883333
   4.8905739583   27.781147917
   4.9062062500   27.8124125
   4.9218385417   27.843677083
   4.9374708333   27.874941667
   4.9531031250   27.90620625
   4.9687354167   27.937470833
   4.9843677083   27.968735417
   5.0000000000   28.
